00000000 -> 00000000,00000001
00000001 -> 00000010,00000011
00000010 -> 00000100,00000101
00000011 -> 00000110,00000111
00000100 -> 00001000,00001001
00000101 -> 00001010,00001011
00000110 -> 00001100,00001101
00000111 -> 00001110,00001111
00001000 -> 00010000,00010001
00001001 -> 00010010,00010011
00001010 -> 00010100,00010101
00001011 -> 00010110,00010111
00001100 -> 00011000,00011001
00001101 -> 00011010,00011011
00001110 -> 00011100,00011101
00001111 -> 00011110,00011111
00010000 -> 00100000,00100001
00010001 -> 00100010,00100011
00010010 -> 00100100,00100101
00010011 -> 00100110,00100111
00010100 -> 00101000,00101001
00010101 -> 00101010,00101011
00010110 -> 00101100,00101101
00010111 -> 00101110,00101111
00011000 -> 00110000,00110001
00011001 -> 00110010,00110011
00011010 -> 00110100,00110101
00011011 -> 00110110,00110111
00011100 -> 00111000,00111001
00011101 -> 00111010,00111011
00011110 -> 00111100,00111101
00011111 -> 00111110,00111111
00100000 -> 01000000,01000001
00100001 -> 01000010,01000011
00100010 -> 01000100,01000101
00100011 -> 01000110,01000111
00100100 -> 01001000,01001001
00100101 -> 01001010,01001011
00100110 -> 01001100,01001101
00100111 -> 01001110,01001111
00101000 -> 01010000,01010001
00101001 -> 01010010,01010011
00101010 -> 01010100,01010101
00101011 -> 01010110,01010111
00101100 -> 01011000,01011001
00101101 -> 01011010,01011011
00101110 -> 01011100,01011101
00101111 -> 01011110,01011111
00110000 -> 01100000,01100001
00110001 -> 01100010,01100011
00110010 -> 01100100,01100101
00110011 -> 01100110,01100111
00110100 -> 01101000,01101001
00110101 -> 01101010,01101011
00110110 -> 01101100,01101101
00110111 -> 01101110,01101111
00111000 -> 01110000,01110001
00111001 -> 01110010,01110011
00111010 -> 01110100,01110101
00111011 -> 01110110,01110111
00111100 -> 01111000,01111001
00111101 -> 01111010,01111011
00111110 -> 01111100,01111101
00111111 -> 01111110,01111111
01000000 -> 10000000,10000001
01000001 -> 10000010,10000011
01000010 -> 10000100,10000101
01000011 -> 10000110,10000111
01000100 -> 10001000,10001001
01000101 -> 10001010,10001011
01000110 -> 10001100,10001101
01000111 -> 10001110,10001111
01001000 -> 10010000,10010001
01001001 -> 10010010,10010011
01001010 -> 10010100,10010101
01001011 -> 10010110,10010111
01001100 -> 10011000,10011001
01001101 -> 10011010,10011011
01001110 -> 10011100,10011101
01001111 -> 10011110,10011111
01010000 -> 10100000,10100001
01010001 -> 10100010,10100011
01010010 -> 10100100,10100101
01010011 -> 10100110,10100111
01010100 -> 10101000,10101001
01010101 -> 10101010,10101011
01010110 -> 10101100,10101101
01010111 -> 10101110,10101111
01011000 -> 10110000,10110001
01011001 -> 10110010,10110011
01011010 -> 10110100,10110101
01011011 -> 10110110,10110111
01011100 -> 10111000,10111001
01011101 -> 10111010,10111011
01011110 -> 10111100,10111101
01011111 -> 10111110,10111111
01100000 -> 11000000,11000001
01100001 -> 11000010,11000011
01100010 -> 11000100,11000101
01100011 -> 11000110,11000111
01100100 -> 11001000,11001001
01100101 -> 11001010,11001011
01100110 -> 11001100,11001101
01100111 -> 11001110,11001111
01101000 -> 11010000,11010001
01101001 -> 11010010,11010011
01101010 -> 11010100,11010101
01101011 -> 11010110,11010111
01101100 -> 11011000,11011001
01101101 -> 11011010,11011011
01101110 -> 11011100,11011101
01101111 -> 11011110,11011111
01110000 -> 11100000,11100001
01110001 -> 11100010,11100011
01110010 -> 11100100,11100101
01110011 -> 11100110,11100111
01110100 -> 11101000,11101001
01110101 -> 11101010,11101011
01110110 -> 11101100,11101101
01110111 -> 11101110,11101111
01111000 -> 11110000,11110001
01111001 -> 11110010,11110011
01111010 -> 11110100,11110101
01111011 -> 11110110,11110111
01111100 -> 11111000,11111001
01111101 -> 11111010,11111011
01111110 -> 11111100,11111101
01111111 -> 11111110,11111111
10000000 -> 00000000,00000001
10000001 -> 00000010,00000011
10000010 -> 00000100,00000101
10000011 -> 00000110,00000111
10000100 -> 00001000,00001001
10000101 -> 00001010,00001011
10000110 -> 00001100,00001101
10000111 -> 00001110,00001111
10001000 -> 00010000,00010001
10001001 -> 00010010,00010011
10001010 -> 00010100,00010101
10001011 -> 00010110,00010111
10001100 -> 00011000,00011001
10001101 -> 00011010,00011011
10001110 -> 00011100,00011101
10001111 -> 00011110,00011111
10010000 -> 00100000,00100001
10010001 -> 00100010,00100011
10010010 -> 00100100,00100101
10010011 -> 00100110,00100111
10010100 -> 00101000,00101001
10010101 -> 00101010,00101011
10010110 -> 00101100,00101101
10010111 -> 00101110,00101111
10011000 -> 00110000,00110001
10011001 -> 00110010,00110011
10011010 -> 00110100,00110101
10011011 -> 00110110,00110111
10011100 -> 00111000,00111001
10011101 -> 00111010,00111011
10011110 -> 00111100,00111101
10011111 -> 00111110,00111111
10100000 -> 01000000,01000001
10100001 -> 01000010,01000011
10100010 -> 01000100,01000101
10100011 -> 01000110,01000111
10100100 -> 01001000,01001001
10100101 -> 01001010,01001011
10100110 -> 01001100,01001101
10100111 -> 01001110,01001111
10101000 -> 01010000,01010001
10101001 -> 01010010,01010011
10101010 -> 01010100,01010101
10101011 -> 01010110,01010111
10101100 -> 01011000,01011001
10101101 -> 01011010,01011011
10101110 -> 01011100,01011101
10101111 -> 01011110,01011111
10110000 -> 01100000,01100001
10110001 -> 01100010,01100011
10110010 -> 01100100,01100101
10110011 -> 01100110,01100111
10110100 -> 01101000,01101001
10110101 -> 01101010,01101011
10110110 -> 01101100,01101101
10110111 -> 01101110,01101111
10111000 -> 01110000,01110001
10111001 -> 01110010,01110011
10111010 -> 01110100,01110101
10111011 -> 01110110,01110111
10111100 -> 01111000,01111001
10111101 -> 01111010,01111011
10111110 -> 01111100,01111101
10111111 -> 01111110,01111111
11000000 -> 10000000,10000001
11000001 -> 10000010,10000011
11000010 -> 10000100,10000101
11000011 -> 10000110,10000111
11000100 -> 10001000,10001001
11000101 -> 10001010,10001011
11000110 -> 10001100,10001101
11000111 -> 10001110,10001111
11001000 -> 10010000,10010001
11001001 -> 10010010,10010011
11001010 -> 10010100,10010101
11001011 -> 10010110,10010111
11001100 -> 10011000,10011001
11001101 -> 10011010,10011011
11001110 -> 10011100,10011101
11001111 -> 10011110,10011111
11010000 -> 10100000,10100001
11010001 -> 10100010,10100011
11010010 -> 10100100,10100101
11010011 -> 10100110,10100111
11010100 -> 10101000,10101001
11010101 -> 10101010,10101011
11010110 -> 10101100,10101101
11010111 -> 10101110,10101111
11011000 -> 10110000,10110001
11011001 -> 10110010,10110011
11011010 -> 10110100,10110101
11011011 -> 10110110,10110111
11011100 -> 10111000,10111001
11011101 -> 10111010,10111011
11011110 -> 10111100,10111101
11011111 -> 10111110,10111111
11100000 -> 11000000,11000001
11100001 -> 11000010,11000011
11100010 -> 11000100,11000101
11100011 -> 11000110,11000111
11100100 -> 11001000,11001001
11100101 -> 11001010,11001011
11100110 -> 11001100,11001101
11100111 -> 11001110,11001111
11101000 -> 11010000,11010001
11101001 -> 11010010,11010011
11101010 -> 11010100,11010101
11101011 -> 11010110,11010111
11101100 -> 11011000,11011001
11101101 -> 11011010,11011011
11101110 -> 11011100,11011101
11101111 -> 11011110,11011111
11110000 -> 11100000,11100001
11110001 -> 11100010,11100011
11110010 -> 11100100,11100101
11110011 -> 11100110,11100111
11110100 -> 11101000,11101001
11110101 -> 11101010,11101011
11110110 -> 11101100,11101101
11110111 -> 11101110,11101111
11111000 -> 11110000,11110001
11111001 -> 11110010,11110011
11111010 -> 11110100,11110101
11111011 -> 11110110,11110111
11111100 -> 11111000,11111001
11111101 -> 11111010,11111011
11111110 -> 11111100,11111101
11111111 -> 11111110,11111111